Case #1:
998067966121 579394496800 161635917358
895499931981 802676117092 40922331206
Case #2:
753083499072 736702345308 128085192459
926273227934 460756684149 230841124756
Case #3:
24649216582 747350959302 217029986828
131378215936 483134092951 374517853825
Case #4:
138959408834 837143347666 397233991210
95345401289 353157127370 924834219051
Case #5:
634510318189 229653675103 837967048851
379724606787 550255904767 772150530589
Case #6:
258264797808 369367187456 188413272656
63734407168 617775171588 134535679164
Case #7:
745889163552 89835376662 900905799686
714402168832 700213886976 322014284092
Case #8:
823657303710 831624677468 663297803087
895945297570 634451606397 788182880298
Case #9:
581009615764 800512737829 620065893380
642445280994 827121545615 532021420364
Case #10:
893143902827 994473398388 555076323861
824071324076 1000000000000 618622301000
