Case #1: 
44.721359549995796
25.0
25.0
Case #2: 
50000.0
50000.0
Case #3: 
999999999.9999999
Case #4: 
1.4142135623730951
0.4515236409857309
Case #5: 
2.2479725938983663
2.8324192609951826
3.056485770154655
1.3714206874576287
1.9916024821553557
1.4757757656329256
1.214945050646932
3.267520731276744
2.816551241120024
1.6920115915106644
1.8747937180256697
1.487224934645237
1.471269569569582
2.392865740406867
1.334796353341344
1.5500668617203976
1.2031220006383307
1.305634662816938
1.2130550649799765
1.4623796418397892
1.2410198031634376
2.2321416040096733
1.2717358502821796
1.3256793513418912
1.3815216793585376
1.5001320596912362
3.468990963534605
1.5345658036195367
2.071238810828042
1.8610251567741747
1.348399724926484
3.056485770154655
1.393751936193928
1.227123648875224
1.3966207253758804
1.4803236216082476
1.2093014044127819
1.641492355663038
1.542257910982012
1.7058241602151643
1.4514905875740371
1.2849757938177957
1.8475555576116076
1.2553989951684374
1.3458174058154837
1.6768664789179881
1.4690318959254085
1.9778386511612993
2.75564563899289
2.319221394948718
1.4283661593084147
2.5121924908555697
1.2336823468399833
1.770496494389241
3.2312809334052393
1.4735174999401837
1.3281472641539052
2.46340741014881
3.7682887362833544
2.29756619250065
1.843130268484263
2.8986836432948877
3.357058425145632
1.5714850356879968
1.2410198031634376
3.5293257643461016
3.0365735987753073
1.3518660538462484
1.4182141745022883
1.6446160356636148
1.6171274807925435
1.3256793513418912
1.4387393250624136
1.4222489313731344
1.3339597525989622
1.367802156910113
2.332512170776376
1.2645549015756885
1.8794515977959398
2.2890723882227895
1.2560962454277849
1.3553592536073007
1.4324884367377222
1.6852299546352716
1.4142135623730951
2.3061552549481776
1.2086791757096829
2.960647243216495
1.8387366263150307
3.330728148618557
1.8865039737853109
1.7058241602151643
3.3977515281660122
3.6093660019149922
2.3551804601770967
1.7803490829449309
1.6509172696092465
1.2917527421631496
1.39090075297706
1.5435512092478403
1.5909727514637635
2.0557700445795186
1.2043503031538805
1.6686262989328067
1.6068037160207782
1.891249903231604
2.0171187144809934
2.2014577857075888
2.490155288821445
1.312745584975926
1.3032899114554042
1.5487571302979202
1.6112039170003347
3.151201347116672
1.2581949874852019
2.9247592836795784
1.5938163153974774
1.5244864446112993
1.5097330028743152
1.3687041036991339
1.3356345300979418
1.6352980227934497
1.2902374891581294
2.9698275667785015
1.2533141905272562
1.204965866855281
1.2396759805677193
1.252621560360775
2.2682432709548337
1.293273346270742
1.3331247229380436
1.2674126564102788
2.280672094244414
2.4324199198877374
1.2136840798342678
1.4482710111417136
1.3651069776275608
1.2464391293931187
1.9724124717979528
1.980568588487068
1.329800217206963
3.0767948691238205
1.6024393701168673
1.3995073024658258
1.6954332564644077
1.6903085094570331
1.2232382871995184
1.403384061422872
1.259600007451155
1.2430437563480479
1.2232382871995184
1.7903680088807095
1.2105487501847199
2.881682419568725
1.3787447485520927
1.8794515977959398
1.6702646167539903
1.881793594465019
2.4686880323075187
1.7128585164924337
1.2746426788751695
1.3995073024658258
1.4192196437349367
1.3079921152262255
3.017045591727792
1.4558169476533191
3.713005220436714
1.3095708630733307
1.6216132799251581
1.5307626607127387
3.0871024184956806
2.8732932244183456
2.581988897471611
1.3183573474104948
1.9330913339165219
2.034684666222778
2.15771585360956
1.4977603079159243
2.6712690601958835
1.6669927926196297
2.276506479636027
1.6621209084771442
1.4942236788766676
1.224529304220793
1.7608056909331897
2.600366274566866
2.793241450751761
1.6588966165786596
1.9255055963477694
2.7855991889591825
1.5593289740510397
1.776388345929897
2.412399662399981
1.6038901982729186
1.3306290114396229
1.3880669963771486
2.240015143815543
1.5728533294044982
1.5811388300841898
1.5133811749341806
2.8986836432948877
1.4656944469432578
1.2484897572606002
1.6621209084771442
1.4918797971531101
1.7146307451263392
2.080689379192129
2.741026726106025
1.2505505395554306
2.1333733970597017
1.7783654064704917
1.4345630047135447
1.2356705549741434
1.3759844960366863
1.4536489390823488
2.9247592836795784
3.6429422226248906
2.0870621027796217
3.483784169082829
1.758886556094886
1.489546910976623
1.6937198318160145
2.625491169951852
1.620113868342458
1.3843154570943492
1.227123648875224
1.239005704238336
2.369102830470614
1.268848818521355
1.2652675276686418
1.357996997108552
2.1065374432940893
1.6637401206570155
1.4408412097843626
1.7006049001683425
1.4504150108516196
1.3224101001226525
1.5797488176571866
2.5234327818438724
1.2574942383428558
1.6383864070797192
1.2238832850229835
1.4122259105652715
1.8453389334689978
Case #6: 
60.70525329109712
60.70525329109712
72.23369535658573
60.70525329109712
62.12502264126649
60.70525329109712
60.70525329109712
60.70525329109712
70.10721859728507
83.36755026687543
60.70525329109712
75.88182773191006
60.70525329109712
117.89952024923596
60.70525329109712
60.70525329109712
89.93022547811972
60.70525329109712
60.70525329109712
60.70525329109712
60.70525329109712
60.70525329109712
60.70525329109712
60.70525329109712
60.70525329109712
111.93679051331844
60.75660577441943
60.70525329109712
60.70525329109712
60.70525329109712
60.70525329109712
60.70525329109712
84.02659254050621
60.70525329109712
72.6611174026098
60.70525329109712
60.70525329109712
67.19994410198304
60.70525329109712
64.10222061849113
103.2187955775451
60.70525329109712
62.87974413292585
69.1584980278083
71.91803312363383
93.62007910604787
88.5327784689723
122.79368117127697
60.70525329109712
60.70525329109712
60.70525329109712
65.47763344782484
60.70525329109712
87.76291360437509
60.70525329109712
60.70525329109712
60.70525329109712
60.70525329109712
81.17740061353511
60.70525329109712
119.30592608919308
60.70525329109712
64.93230160304803
60.70525329109712
60.70525329109712
60.70525329109712
60.70525329109712
75.03665770808293
60.70525329109712
60.70525329109712
60.70525329109712
85.21851863513791
121.26189129727335
60.70525329109712
60.70525329109712
65.79548790540626
74.21911330773064
60.70525329109712
60.70525329109712
87.19851602281541
60.70525329109712
60.70525329109712
90.54972918911021
73.87682502702468
108.91091160515859
60.70525329109712
60.70525329109712
60.70525329109712
66.61082865244649
61.396840585638486
60.70525329109712
66.03694004858487
104.1585915569232
114.80218090585535
71.50351651186968
60.70525329109712
98.06886714295574
60.70525329109712
60.70525329109712
81.78547952817868
113.13829316944359
60.70525329109712
60.70525329109712
75.51613004806256
106.45527753310158
63.374589548583806
67.54368007407294
60.70525329109712
82.88332032227467
60.70525329109712
60.70525329109712
61.6586619891366
95.27720030500049
77.26964032164406
60.70525329109712
60.70525329109712
60.70525329109712
60.70525329109712
110.39276083075202
102.00441453581959
60.70525329109712
63.09039713213753
60.70525329109712
60.70525329109712
64.62673613508714
60.70525329109712
60.70525329109712
133.3880804270007
60.70525329109712
60.70525329109712
60.70525329109712
92.04652032946116
61.92386175919921
60.70525329109712
60.70525329109712
60.70525329109712
126.6063630753651
60.70525329109712
84.53126129749978
60.70525329109712
60.70525329109712
60.70525329109712
60.70525329109712
60.70525329109712
60.70525329109712
78.1934775494189
101.12124280845462
92.9358793464769
116.09942186581188
60.70525329109712
66.3630503777934
80.7301388042614
60.70525329109712
60.70525329109712
82.2506139679143
124.9293835620467
60.70525329109712
62.39631224024077
97.28325608702464
130.79777403422312
99.14657936053582
70.79504239824293
60.70525329109712
60.70525329109712
60.70525329109712
60.70525329109712
60.70525329109712
60.70525329109712
60.70525329109712
60.70525329109712
60.70525329109712
60.70525329109712
61.202648721491755
63.590272269213685
80.14513009070681
60.70525329109712
60.70525329109712
60.70525329109712
60.70525329109712
63.88130478408711
60.70525329109712
89.12366007808636
91.39600673414762
69.8185122838796
68.1581251657472
60.70525329109712
128.95112455253923
60.70525329109712
67.8049718817603
76.75621509878786
70.49779108231714
78.59968016615731
76.37779266982488
60.70525329109712
60.70525329109712
60.70525329109712
60.70525329109712
60.70525329109712
60.70525329109712
62.602128012696674
60.70525329109712
60.70525329109712
60.70525329109712
60.70525329109712
60.70525329109712
68.7896500750426
96.26455517652036
60.70525329109712
79.15126363622547
60.70525329109712
60.70525329109712
64.40037209060151
60.70525329109712
77.66154295555354
99.97859321436562
60.70525329109712
60.70525329109712
60.70525329109712
72.98671029879016
65.24224275141414
60.70525329109712
60.9465695702388
60.70525329109712
107.83787152919753
60.70525329109712
60.70525329109712
71.19729019460033
74.68298728185485
86.46265041025742
73.42772162494424
85.74510563580797
60.70525329109712
60.70525329109712
60.70525329109712
60.70525329109712
60.70525329109712
60.70525329109712
60.70525329109712
105.45253671676181
60.70525329109712
79.71462493527414
66.94555854247712
60.70525329109712
68.42664147214808
60.70525329109712
60.70525329109712
60.70525329109712
94.55630318684106
69.43906103794879
60.70525329109712
Case #7: 
2334.7666147449
2334.7666147449
2334.7666147449
2334.7666147449
2334.7666147449
2334.7666147449
2334.7666147449
2334.7666147449
2334.7666147449
2334.7666147449
2334.7666147449
2334.7666147449
2334.7666147449
2334.7666147449
2334.7666147449
2334.7666147449
2334.7666147449
2334.7666147449
2334.7666147449
2334.7666147449
2334.7666147449
2334.7666147449
2334.7666147449
2334.7666147449
2334.7666147449
2334.7666147449
2334.7666147449
2334.7666147449
2334.7666147449
2334.7666147449
2334.7666147449
2334.7666147449
2334.7666147449
2334.7666147449
2334.7666147449
2334.7666147449
2334.7666147449
2334.7666147449
2334.7666147449
2334.7666147449
2334.7666147449
2334.7666147449
2334.7666147449
2334.7666147449
2334.7666147449
2334.7666147449
2334.7666147449
2334.7666147449
2334.7666147449
2334.7666147449
2334.7666147449
2334.7666147449
2334.7666147449
2334.7666147449
2334.7666147449
2334.7666147449
2334.7666147449
2334.7666147449
2334.7666147449
2334.7666147449
2334.7666147449
2334.7666147449
2334.7666147449
2334.7666147449
2334.7666147449
2334.7666147449
2334.7666147449
2334.7666147449
2334.7666147449
2334.7666147449
2334.7666147449
2334.7666147449
2334.7666147449
2334.7666147449
2334.7666147449
2334.7666147449
2334.7666147449
2334.7666147449
2334.7666147449
2334.7666147449
2334.7666147449
2334.7666147449
2334.7666147449
2334.7666147449
2334.7666147449
2334.7666147449
2334.7666147449
2334.7666147449
2334.7666147449
2334.7666147449
2334.7666147449
2334.7666147449
2334.7666147449
2334.7666147449
2334.7666147449
2334.7666147449
2334.7666147449
2334.7666147449
2334.7666147449
2334.7666147449
2334.7666147449
2334.7666147449
2334.7666147449
2334.7666147449
2334.7666147449
2334.7666147449
2334.7666147449
2334.7666147449
2334.7666147449
2334.7666147449
2334.7666147449
2334.7666147449
2334.7666147449
2334.7666147449
2334.7666147449
2334.7666147449
2334.7666147449
2334.7666147449
2334.7666147449
2334.7666147449
2334.7666147449
2334.7666147449
2334.7666147449
2334.7666147449
2334.7666147449
2334.7666147449
2334.7666147449
2334.7666147449
2334.7666147449
2334.7666147449
2334.7666147449
2334.7666147449
2334.7666147449
2334.7666147449
2334.7666147449
2334.7666147449
2334.7666147449
2334.7666147449
2334.7666147449
2334.7666147449
2334.7666147449
2334.7666147449
2334.7666147449
2334.7666147449
2334.7666147449
2334.7666147449
2334.7666147449
2334.7666147449
2334.7666147449
2334.7666147449
2334.7666147449
2334.7666147449
2334.7666147449
2334.7666147449
2334.7666147449
2334.7666147449
2334.7666147449
2334.7666147449
2334.7666147449
2334.7666147449
2334.7666147449
2334.7666147449
2334.7666147449
2334.7666147449
2334.7666147449
2334.7666147449
2334.7666147449
2334.7666147449
2334.7666147449
2334.7666147449
2334.7666147449
2334.7666147449
2334.7666147449
2334.7666147449
2334.7666147449
2334.7666147449
2334.7666147449
2334.7666147449
2334.7666147449
2334.7666147449
2334.7666147449
2334.7666147449
2334.7666147449
2334.7666147449
2334.7666147449
2334.7666147449
2334.7666147449
2334.7666147449
2334.7666147449
2334.7666147449
2334.7666147449
2334.7666147449
2334.7666147449
2334.7666147449
2334.7666147449
2334.7666147449
2334.7666147449
2334.7666147449
2334.7666147449
2334.7666147449
2334.7666147449
2334.7666147449
2334.7666147449
2334.7666147449
2334.7666147449
2334.7666147449
2334.7666147449
2334.7666147449
2334.7666147449
2334.7666147449
2334.7666147449
2334.7666147449
2334.7666147449
2334.7666147449
2334.7666147449
2334.7666147449
2334.7666147449
2334.7666147449
2334.7666147449
2334.7666147449
2334.7666147449
2334.7666147449
2334.7666147449
2334.7666147449
2334.7666147449
2334.7666147449
2334.7666147449
2334.7666147449
2334.7666147449
2334.7666147449
2334.7666147449
2334.7666147449
2334.7666147449
Case #8: 
148.96640033376502
148.96640033376502
148.96640033376502
148.96640033376502
148.96640033376502
148.96640033376502
148.96640033376502
148.96640033376502
148.96640033376502
148.96640033376502
148.96640033376502
148.96640033376502
148.96640033376502
148.96640033376502
148.96640033376502
148.96640033376502
148.96640033376502
148.96640033376502
148.96640033376502
148.96640033376502
148.96640033376502
148.96640033376502
148.96640033376502
148.96640033376502
148.96640033376502
148.96640033376502
148.96640033376502
148.96640033376502
148.96640033376502
148.96640033376502
148.96640033376502
148.96640033376502
148.96640033376502
148.96640033376502
148.96640033376502
148.96640033376502
148.96640033376502
148.96640033376502
148.96640033376502
148.96640033376502
148.96640033376502
148.96640033376502
148.96640033376502
148.96640033376502
148.96640033376502
148.96640033376502
148.96640033376502
148.96640033376502
148.96640033376502
148.96640033376502
148.96640033376502
148.96640033376502
148.96640033376502
148.96640033376502
148.96640033376502
148.96640033376502
148.96640033376502
148.96640033376502
148.96640033376502
148.96640033376502
148.96640033376502
148.96640033376502
148.96640033376502
148.96640033376502
148.96640033376502
148.96640033376502
148.96640033376502
148.96640033376502
148.96640033376502
148.96640033376502
148.96640033376502
148.96640033376502
148.96640033376502
148.96640033376502
148.96640033376502
148.96640033376502
148.96640033376502
148.96640033376502
148.96640033376502
148.96640033376502
148.96640033376502
148.96640033376502
148.96640033376502
148.96640033376502
148.96640033376502
148.96640033376502
148.96640033376502
148.96640033376502
148.96640033376502
148.96640033376502
148.96640033376502
148.96640033376502
148.96640033376502
148.96640033376502
148.96640033376502
148.96640033376502
148.96640033376502
148.96640033376502
148.96640033376502
148.96640033376502
148.96640033376502
148.96640033376502
148.96640033376502
148.96640033376502
148.96640033376502
148.96640033376502
148.96640033376502
148.96640033376502
148.96640033376502
148.96640033376502
148.96640033376502
148.96640033376502
148.96640033376502
148.96640033376502
148.96640033376502
148.96640033376502
148.96640033376502
148.96640033376502
148.96640033376502
148.96640033376502
148.96640033376502
148.96640033376502
148.96640033376502
148.96640033376502
148.96640033376502
148.96640033376502
148.96640033376502
148.96640033376502
148.96640033376502
148.96640033376502
148.96640033376502
148.96640033376502
148.96640033376502
148.96640033376502
148.96640033376502
148.96640033376502
148.96640033376502
148.96640033376502
148.96640033376502
148.96640033376502
148.96640033376502
148.96640033376502
148.96640033376502
148.96640033376502
148.96640033376502
148.96640033376502
148.96640033376502
148.96640033376502
148.96640033376502
148.96640033376502
148.96640033376502
148.96640033376502
148.96640033376502
148.96640033376502
148.96640033376502
148.96640033376502
148.96640033376502
148.96640033376502
148.96640033376502
148.96640033376502
148.96640033376502
148.96640033376502
148.96640033376502
148.96640033376502
148.96640033376502
148.96640033376502
148.96640033376502
148.96640033376502
148.96640033376502
148.96640033376502
148.96640033376502
148.96640033376502
148.96640033376502
148.96640033376502
148.96640033376502
148.96640033376502
148.96640033376502
148.96640033376502
148.96640033376502
148.96640033376502
148.96640033376502
148.96640033376502
148.96640033376502
148.96640033376502
148.96640033376502
148.96640033376502
148.96640033376502
148.96640033376502
148.96640033376502
148.96640033376502
148.96640033376502
148.96640033376502
148.96640033376502
148.96640033376502
148.96640033376502
148.96640033376502
148.96640033376502
148.96640033376502
148.96640033376502
148.96640033376502
148.96640033376502
148.96640033376502
148.96640033376502
148.96640033376502
148.96640033376502
148.96640033376502
148.96640033376502
148.96640033376502
148.96640033376502
148.96640033376502
148.96640033376502
148.96640033376502
148.96640033376502
148.96640033376502
148.96640033376502
148.96640033376502
148.96640033376502
148.96640033376502
148.96640033376502
148.96640033376502
148.96640033376502
148.96640033376502
148.96640033376502
148.96640033376502
148.96640033376502
148.96640033376502
148.96640033376502
148.96640033376502
148.96640033376502
148.96640033376502
148.96640033376502
148.96640033376502
148.96640033376502
148.96640033376502
148.96640033376502
148.96640033376502
148.96640033376502
Case #9: 
57.88277450516332
43.00387579432037
38.78489682304626
33.69323854176596
40.53637196678187
40.568684743508534
47.10838566539932
65.70913465089187
32.65028824243439
33.27489870939011
72.01088694909944
42.0717348677897
48.87455597979609
51.1772078076244
35.15454332184767
35.91531706667784
49.45024786811498
34.459963260197064
32.87176416898174
36.1190614390998
33.23925338720409
41.23161564262094
51.37316464883009
42.58616820424044
48.81808622554937
35.0497605453406
37.62365073527828
38.86998262217667
52.739710740094004
33.88011317816865
39.48168721543753
42.927014471409166
36.419577209422826
42.326607077188065
63.86522370131473
50.29150320002025
37.29260710213747
86.78894611575377
42.144085282142534
91.96970278036238
34.49968657397372
84.07139822793481
44.59036418369648
37.59787228022352
62.285058974272246
52.31834811107493
46.512052945257
34.987338838550706
69.44129504800387
45.070548373729174
36.34956193696099
45.93780805163605
32.68407023620175
32.717957306201995
62.05221681729267
64.37615363336417
33.9557385248937
68.48782240794212
36.16481074361752
36.279948923304055
38.70036734335846
52.81093252911366
52.81093252911366
36.396193850858474
34.51959981463555
95.56205415692081
33.02776076231199
35.892891015745235
34.80205595351443
32.433229458206675
44.719799475358556
46.174480447841525
47.62324670130783
64.89954561018254
32.61661078299019
40.829999424304326
56.78710240890972
33.0103180567055
46.85713915041872
37.21744557373003
32.90623902289184
38.28585663377298
36.75174961109253
90.49809258710795
34.57954706641855
34.68015695917893
34.36125219158803
37.675367118089326
58.26233774918408
70.43573175379318
45.159532761195464
39.01304524277801
47.2610874780764
33.221473630175225
49.9861482023424
37.88438601528624
39.36294503008434
94.31824338102761
45.29400313156156
40.091950388841255
47.94038614370996
68.95961551102624
41.26562110460129
45.11497475058101
53.0263417136364
42.36339683387474
45.890908796885704
37.09317996613394
35.366959413862794
48.64984418731001
33.67472068461464
68.33269690319085
39.541462703436665
40.76419760970753
63.61427882628424
35.5179626720289
41.99975579904587
34.63980772275977
99.13569344230015
67.7225713235009
44.982087938357395
39.541462703436665
87.42946363275433
34.904626337886576
43.634002787527905
43.27617804528141
64.24727231563999
51.24227739246581
59.2449085042206
54.144377698553676
33.711786981674486
38.532953289472026
62.52054207872947
50.10762140261436
53.91511324869603
34.1470399739575
47.94038614370996
68.02558210429223
38.95563086988309
45.612498287201944
37.572146740242495
65.16607463972812
41.1638561627454
89.09493640105308
34.07013212862686
49.567846721150076
46.90706685680466
34.10852102207623
59.14440816297981
83.78495310822188
58.35840102587656
37.75334312517332
66.8372708839969
35.19672035359914
63.73938077372044
34.38092654315232
97.29968837462002
43.67431134373332
42.85056380615473
35.803605078901796
44.76319570049024
33.49120585415248
55.50118998320882
33.4548616157156
34.07013212862686
40.63354279410054
39.0418477902545
32.940822573185805
65.57209772456575
35.21786587689659
34.08931036382345
38.92701857746617
35.69292906424444
73.69667563737187
36.46647945320936
50.16869104307596
41.33388520602879
63.36626899772944
39.42218200118989
53.0263417136364
40.185952746227954
36.05076186061092
49.10241062281935
74.88861293832386
50.2299845186446
41.680361385819644
80.30909039454998
98.66696413349686
40.3441035059296
39.07071422509667
40.99590827282653
44.80671850678539
53.53939359636665
42.437265062307986
33.58258721323338
55.75138444442326
49.50894254499878
49.74582879010449
101.58385698525136
35.73707617952798
36.77582544047529
41.92814491012893
59.75520999132433
97.74911195959218
34.63980772275977
32.992902957600144
36.82411938832158
34.20506387302651
44.80671850678539
41.750708037368916
38.47762956633993
34.185689720312126
40.37595831034445
39.96763396432021
81.33217737724152
64.37615363336417
55.75138444442326
33.842489498402756
33.61934977181974
39.2745881396941
93.91430900505758
71.12292589759855
38.043453416140956
43.95963419095122
81.85860473298558
39.844466848755026
70.94924327962364
50.72855737812613
46.414848966606606
57.32708700482346
59.75520999132433
37.167589629615506
59.85886177779639
38.12374218659364
49.04514831689852
82.94287190590883
43.91853120469274
79.56661753378029
43.39447305787689
54.69091014212429
76.57171326754596
51.704821835456215
35.388413440351385
83.78495310822188
33.06272928535408
32.854567325445935
Case #10: 
999980000000.0
999980000000.0
999980000000.0
999980000000.0
999980000000.0
999980000000.0
999980000000.0
999980000000.0
999980000000.0
999980000000.0
999980000000.0
999980000000.0
999980000000.0
999980000000.0
999980000000.0
999980000000.0
999980000000.0
999980000000.0
999980000000.0
999980000000.0
999980000000.0
999980000000.0
999980000000.0
999980000000.0
999980000000.0
999980000000.0
999980000000.0
999980000000.0
999980000000.0
999980000000.0
999980000000.0
999980000000.0
999980000000.0
999980000000.0
999980000000.0
999980000000.0
999980000000.0
999980000000.0
999980000000.0
999980000000.0
999980000000.0
999980000000.0
999980000000.0
999980000000.0
999980000000.0
999980000000.0
999980000000.0
999980000000.0
999980000000.0
999980000000.0
999980000000.0
999980000000.0
999980000000.0
999980000000.0
999980000000.0
999980000000.0
999980000000.0
999980000000.0
999980000000.0
999980000000.0
999980000000.0
999980000000.0
999980000000.0
999980000000.0
999980000000.0
999980000000.0
999980000000.0
999980000000.0
999980000000.0
999980000000.0
999980000000.0
999980000000.0
999980000000.0
999980000000.0
999980000000.0
999980000000.0
999980000000.0
999980000000.0
999980000000.0
999980000000.0
999980000000.0
999980000000.0
999980000000.0
999980000000.0
999980000000.0
999980000000.0
999980000000.0
999980000000.0
999980000000.0
999980000000.0
999980000000.0
999980000000.0
999980000000.0
999980000000.0
999980000000.0
999980000000.0
999980000000.0
999980000000.0
999980000000.0
999980000000.0
999980000000.0
999980000000.0
999980000000.0
999980000000.0
999980000000.0
999980000000.0
999980000000.0
999980000000.0
999980000000.0
999980000000.0
999980000000.0
999980000000.0
999980000000.0
999980000000.0
999980000000.0
999980000000.0
999980000000.0
999980000000.0
999980000000.0
999980000000.0
999980000000.0
999980000000.0
999980000000.0
999980000000.0
999980000000.0
999980000000.0
999980000000.0
999980000000.0
999980000000.0
999980000000.0
999980000000.0
999980000000.0
999980000000.0
999980000000.0
999980000000.0
999980000000.0
999980000000.0
999980000000.0
999980000000.0
999980000000.0
999980000000.0
999980000000.0
999980000000.0
999980000000.0
999980000000.0
999980000000.0
999980000000.0
999980000000.0
999980000000.0
999980000000.0
999980000000.0
999980000000.0
999980000000.0
999980000000.0
999980000000.0
999980000000.0
999980000000.0
999980000000.0
999980000000.0
999980000000.0
999980000000.0
999980000000.0
999980000000.0
999980000000.0
999980000000.0
999980000000.0
999980000000.0
999980000000.0
999980000000.0
999980000000.0
999980000000.0
999980000000.0
999980000000.0
999980000000.0
999980000000.0
999980000000.0
999980000000.0
999980000000.0
999980000000.0
999980000000.0
999980000000.0
999980000000.0
999980000000.0
999980000000.0
999980000000.0
999980000000.0
999980000000.0
999980000000.0
999980000000.0
999980000000.0
999980000000.0
999980000000.0
999980000000.0
999980000000.0
999980000000.0
999980000000.0
999980000000.0
999980000000.0
999980000000.0
999980000000.0
999980000000.0
999980000000.0
999980000000.0
999980000000.0
999980000000.0
999980000000.0
999980000000.0
999980000000.0
999980000000.0
999980000000.0
999980000000.0
999980000000.0
999980000000.0
999980000000.0
999980000000.0
999980000000.0
999980000000.0
999980000000.0
999980000000.0
999980000000.0
999980000000.0
999980000000.0
999980000000.0
999980000000.0
999980000000.0
999980000000.0
999980000000.0
999980000000.0
999980000000.0
999980000000.0
999980000000.0
999980000000.0
999980000000.0
999980000000.0
999980000000.0
999980000000.0
999980000000.0
999980000000.0
999980000000.0
999980000000.0
999980000000.0
999980000000.0
999980000000.0
999980000000.0
999980000000.0
999980000000.0
999980000000.0
999980000000.0
999980000000.0
999980000000.0
Case #11: 
54.85789813296357
51.2920937571043
48.74707888540346
50.58996353898797
49.16254445673831
44.33428698332912
77.64977491586171
50.74349944142905
47.97936037234272
47.37179980978708
49.98946791730101
59.66091157322271
113.72546291851502
42.705666491513654
50.10043246653
95.44141929020667
68.89048671379719
87.36085461417441
50.898441785056534
49.48121030664473
42.12032129469796
42.16449573923998
52.6159783380542
63.06502345277128
120.33734633552845
43.34011829308426
58.50470066584394
53.77055920801514
56.222605269442845
43.72970022439641
73.22338804618389
54.377100970423605
42.72866981475004
57.69450743879445
71.43718278555887
43.978590681787026
130.16474176980492
46.22285509261613
97.28969583774592
129.5187589150355
42.36501494777765
72.87826410741646
43.00764124246033
49.55287031567131
52.487489798673494
59.28841524760646
93.6946313180421
64.36232249893732
74.5321143237851
47.720709645103334
48.44230082990785
41.686079580229546
48.81559203078926
52.44486901227122
55.00464266119465
86.39337346101013
60.5581184836989
65.74312255487494
43.26822421268681
49.303411635019984
64.205532199052
66.25210916576104
41.96679709260713
57.58149164479103
51.53271475145834
58.74252563278958
46.87768669343259
47.52944350610472
44.69875583933971
41.90151295078457
63.13917400566503
42.03238733386861
60.88849801376276
60.10449323145323
62.40921682594316
115.05046447103115
53.1838716812878
84.7300298955553
58.62325134600845
42.208809462178756
51.982790674566424
46.517083748444186
120.85492870836278
67.0382526693149
92.27133899537819
45.15364864060895
53.095305638683584
106.27906661238609
44.18079216484653
44.43751014280962
75.65671939219403
47.30918008669735
41.60083188450859
66.6854173106067
46.04897539760208
54.3297135095966
62.26624019637142
114.60366486286553
57.58149164479103
77.10293871114601
112.8671452691305
42.98418465972694
58.269741079319225
61.022172154926565
43.17291963834517
52.70216345451945
55.65442471950665
51.73584015359279
46.39871947582377
42.54567681192315
67.57816677993661
74.90139213022918
89.18741147828646
55.35167854965208
59.1657917135477
104.21519895057386
98.39529605481293
49.517001421853756
103.22735486513655
57.92254985908526
44.85773235484606
73.10780251548759
94.43142875569609
45.290106034325916
63.81851521788473
51.13353976490273
60.36245361523679
61.704005296762716
70.1801253917375
64.59967667566909
61.98321036657378
44.91110266801677
53.407240457950394
65.57604954639824
66.94951900677178
57.525232235515574
56.43357263456525
108.4706181415041
46.16467652318779
43.17291963834517
65.08237088490246
45.820159197099954
43.46074229004076
76.43536823513955
54.28244972204264
90.91099909305564
64.52026708612469
70.28235432486638
61.497060034258084
42.63687879613604
47.061161706618236
97.56259874643204
49.268081346258526
55.15257114703959
57.75126545295196
79.95956525314341
50.74349944142905
79.51077088399511
59.97674708654015
55.40179325303626
47.184682028535846
124.67521107614269
59.28841524760646
43.7791402630516
46.66632084582356
65.32781124386732
45.018417283783336
49.66094649709064
45.40016720764089
41.55840369204756
65.00117014101168
42.59120456899659
83.15920310599718
118.3315834270954
61.29218308493403
60.42746435418139
74.0481344369474
42.05431918369593
50.58996353898797
68.2248625365553
110.0092853223893
53.67903478556786
79.65952830288542
52.70216345451945
43.41237194417969
56.065923296616106
44.56755873851408
50.85957317168624
119.8263574185721
57.081015300118025
106.99475864909635
44.28294442182754
53.36234155093196
81.67262284777345
56.53995081122594
92.97481554986066
45.235374768368864
117.36559515816067
56.646932838415886
53.407240457950394
43.125502908345254
49.127515920437304
66.86113676493005
70.69578350446182
59.723679514383925
50.97644710559184
48.57705018847818
68.13133972009354
56.75452445072002
84.3732702903935
100.12672443831148
89.18741147828646
44.93785935949847
59.78664598365327
86.01528248492066
53.63344748665617
75.150648699795
65.65942662971945
44.489392834319005
45.290106034325916
46.428225818695196
50.174820677455926
44.72513457036951
49.022877855053444
49.44549668935628
96.22054584454898
47.8818742701925
47.215714377848045
58.44569439700744
60.62376415986608
50.66655701742521
68.31877154526819
58.328215495517824
58.037589793390325
46.817003578423254
48.61091359460437
104.88973802454244
62.6255405831625
69.67558883197971
44.155364368688495
60.040518233833005
83.50072077755
59.84981202978001
49.69712934086869
50.70498444579144
65.41024384605213
48.17613232740251
46.517083748444186
91.13354777145332
49.268081346258526
Case #12: 
156.2708636266541
156.2708636266541
156.2708636266541
156.2708636266541
156.2708636266541
156.2708636266541
156.2708636266541
156.2708636266541
156.2708636266541
156.2708636266541
156.2708636266541
156.2708636266541
156.2708636266541
156.2708636266541
156.2708636266541
156.2708636266541
156.2708636266541
156.2708636266541
156.2708636266541
156.2708636266541
156.2708636266541
156.2708636266541
156.2708636266541
156.2708636266541
156.2708636266541
156.2708636266541
156.2708636266541
156.2708636266541
156.2708636266541
156.2708636266541
156.2708636266541
156.2708636266541
156.2708636266541
156.2708636266541
156.2708636266541
156.2708636266541
156.2708636266541
156.2708636266541
156.2708636266541
156.2708636266541
156.2708636266541
156.2708636266541
156.2708636266541
156.2708636266541
156.2708636266541
156.2708636266541
156.2708636266541
156.2708636266541
156.2708636266541
156.2708636266541
156.2708636266541
156.2708636266541
156.2708636266541
156.2708636266541
156.2708636266541
156.2708636266541
156.2708636266541
156.2708636266541
156.2708636266541
156.2708636266541
156.2708636266541
156.2708636266541
156.2708636266541
156.2708636266541
156.2708636266541
156.2708636266541
156.2708636266541
156.2708636266541
156.2708636266541
156.2708636266541
156.2708636266541
156.2708636266541
156.2708636266541
156.2708636266541
156.2708636266541
156.2708636266541
156.2708636266541
156.2708636266541
156.2708636266541
156.2708636266541
156.2708636266541
156.2708636266541
156.2708636266541
156.2708636266541
156.2708636266541
156.2708636266541
156.2708636266541
156.2708636266541
156.2708636266541
156.2708636266541
156.2708636266541
156.2708636266541
156.2708636266541
156.2708636266541
156.2708636266541
156.2708636266541
156.2708636266541
156.2708636266541
156.2708636266541
156.2708636266541
156.2708636266541
156.2708636266541
156.2708636266541
156.2708636266541
156.2708636266541
156.2708636266541
156.2708636266541
156.2708636266541
156.2708636266541
156.2708636266541
156.2708636266541
156.2708636266541
156.2708636266541
156.2708636266541
156.2708636266541
156.2708636266541
156.2708636266541
156.2708636266541
156.2708636266541
156.2708636266541
156.2708636266541
156.2708636266541
156.2708636266541
156.2708636266541
156.2708636266541
156.2708636266541
156.2708636266541
156.2708636266541
156.2708636266541
156.2708636266541
156.2708636266541
156.2708636266541
156.2708636266541
156.2708636266541
156.2708636266541
156.2708636266541
156.2708636266541
156.2708636266541
156.2708636266541
156.2708636266541
156.2708636266541
156.2708636266541
156.2708636266541
156.2708636266541
156.2708636266541
156.2708636266541
156.2708636266541
156.2708636266541
156.2708636266541
156.2708636266541
156.2708636266541
156.2708636266541
156.2708636266541
156.2708636266541
156.2708636266541
156.2708636266541
156.2708636266541
156.2708636266541
156.2708636266541
156.2708636266541
156.2708636266541
156.2708636266541
156.2708636266541
156.2708636266541
156.2708636266541
156.2708636266541
156.2708636266541
156.2708636266541
156.2708636266541
156.2708636266541
156.2708636266541
156.2708636266541
156.2708636266541
156.2708636266541
156.2708636266541
156.2708636266541
156.2708636266541
156.2708636266541
156.2708636266541
156.2708636266541
156.2708636266541
156.2708636266541
156.2708636266541
156.2708636266541
156.2708636266541
156.2708636266541
156.2708636266541
156.2708636266541
156.2708636266541
156.2708636266541
156.2708636266541
156.2708636266541
156.2708636266541
156.2708636266541
156.2708636266541
156.2708636266541
156.2708636266541
156.2708636266541
156.2708636266541
156.2708636266541
156.2708636266541
156.2708636266541
156.2708636266541
156.2708636266541
156.2708636266541
156.2708636266541
156.2708636266541
156.2708636266541
156.2708636266541
156.2708636266541
156.2708636266541
156.2708636266541
156.2708636266541
156.2708636266541
156.2708636266541
156.2708636266541
156.2708636266541
156.2708636266541
156.2708636266541
156.2708636266541
156.2708636266541
156.2708636266541
156.2708636266541
156.2708636266541
156.2708636266541
156.2708636266541
156.2708636266541
156.2708636266541
156.2708636266541
156.2708636266541
Case #13: 
84.51542547285166
66.74081224126817
66.74081224126817
66.74081224126817
66.74081224126817
66.74081224126817
114.33239009500589
66.74081224126817
117.04114719613057
66.74081224126817
92.45003270420486
66.74081224126817
87.87495503274937
86.71099695241199
66.74081224126817
77.38232325341369
97.59000729485331
66.74086442659998
74.32941462471663
115.47005383792515
66.74081224126817
66.74081224126817
66.74081224126817
66.74081224126817
66.74081224126817
83.91813582966891
81.37884587711595
68.51887098275317
66.74081224126817
101.01525445522108
66.74081224126817
100.2509414234171
66.74081224126817
84.97185773241748
66.74081224126817
66.74081224126817
66.74081224126817
81.92319205190405
70.0140042014005
99.25833339709304
66.74081224126817
82.90266722896783
66.74081224126817
78.32604499879574
91.66984970282114
66.74081224126817
138.67504905630727
69.17144638660747
66.74081224126817
75.80980435789034
96.90031662230184
66.74081224126817
66.74081224126817
66.74081224126817
66.74081224126817
76.24928516630234
86.06629658238704
109.43513103291656
80.9776330178916
134.23121104280486
73.62101738323103
66.74081224126817
66.74081224126817
66.74081224126817
66.74081224126817
89.0870806374748
66.74081224126817
66.74081224126817
66.74081224126817
66.74081224126817
66.74081224126817
96.00307214746387
71.24704998790965
66.74081224126817
66.74081224126817
66.74081224126817
85.59209850218258
70.97734409876762
79.18075824648959
66.74081224126817
136.71718540493265
98.53292781642931
66.74081224126817
75.05866250408016
105.11766624552733
66.74081224126817
69.42101345006233
66.74081224126817
125.0
66.74081224126817
66.74081224126817
66.74081224126817
66.74081224126817
66.74081224126817
66.74081224126817
66.74081224126817
68.84283908215143
66.74081224126817
110.43152607484654
75.48513560963971
71.61148740394329
66.74081224126817
66.74081224126817
66.74081224126817
66.74081224126817
141.4213562373095
66.74081224126817
77.03712157713453
66.74081224126817
66.74081224126817
66.74081224126817
66.74081224126817
66.74081224126817
66.74081224126817
66.74081224126817
66.74081224126817
66.74081224126817
66.74081224126817
66.74081224126817
69.75801064151558
118.67816581938534
66.74081224126817
66.74081224126817
66.74081224126817
66.74081224126817
73.32355751067664
132.4532357065044
66.74081224126817
66.74081224126817
66.74081224126817
66.74081224126817
90.9090909090909
95.34625892455922
66.74081224126817
66.74081224126817
66.74081224126817
68.27887419989189
66.74081224126817
103.97504898200727
121.71612389003691
66.74081224126817
72.54762501100117
66.74081224126817
70.35975447302918
66.74081224126817
66.74081224126817
66.74081224126817
66.74081224126817
83.33333333333333
76.58395810674836
66.74081224126817
67.19131406833958
66.74081224126817
66.74081224126817
80.45179867091296
78.68894753646337
66.89000620906512
66.74081224126817
66.74081224126817
66.74081224126817
80.06407690254356
66.74081224126817
94.4911182523068
66.74081224126817
66.74081224126817
66.74081224126817
66.74081224126817
66.74081224126817
66.74081224126817
93.04842103984709
74.02332101976053
66.74081224126817
82.33869695926182
66.74081224126817
66.74081224126817
130.18891098082386
66.74081224126817
66.74081224126817
66.74081224126817
66.74081224126817
66.74081224126817
71.88851546895894
74.74350927519359
105.999788000636
66.74081224126817
90.35079029052513
102.06207261596576
66.74081224126817
119.95202878081344
66.74081224126817
66.74081224126817
107.21125348377949
66.74081224126817
66.74081224126817
70.62245515464487
66.74081224126817
66.74081224126817
66.74081224126817
66.74081224126817
66.74081224126817
66.74081224126817
66.74081224126817
66.74081224126817
67.4199862463242
77.8498944161523
103.14212462587935
123.09149097933273
66.74081224126817
66.74081224126817
66.74081224126817
89.62214298964416
66.74081224126817
93.86465089278641
87.20414403938946
66.74081224126817
66.74081224126817
66.74081224126817
66.74081224126817
67.96276660305848
67.72854614785963
66.74081224126817
66.74081224126817
66.74081224126817
72.26293735299241
66.74081224126817
66.74081224126817
66.74081224126817
66.74081224126817
66.74081224126817
66.74081224126817
88.38834764831844
126.49110640673517
66.74081224126817
111.80339887498948
108.14761408717503
72.93249574894728
66.74081224126817
66.74081224126817
66.74081224126817
66.74081224126817
128.564869306645
112.86652959662007
66.74081224126817
66.74081224126817
66.74081224126817
66.74081224126817
66.74081224126817
66.74081224126817
66.74081224126817
79.55572841757301
Case #14: 
9.133050488878723
9.133050488878723
10.686089713687789
16.23667544879892
19.024515851653902
9.133050488878723
9.133050488878723
9.133050488878723
9.133050488878723
9.133050488878723
9.133050488878723
14.061373411662967
18.710039384525405
13.626700133258204
9.133050488878723
9.874555651525212
9.133050488878723
11.931470990619722
10.573601426213248
9.133050488878723
13.74676148507108
16.440918388835655
15.577518766128671
11.6997698859685
11.110064176752566
10.156742602323595
12.394591533430036
9.133050488878723
13.284552639926389
9.133050488878723
9.133050488878723
10.952912495534301
9.133050488878723
10.983809348154681
15.31859460457586
10.629399182650305
9.133050488878723
9.133050488878723
9.133050488878723
9.133050488878723
13.395722382583946
18.558538596525043
10.861763234046586
9.763726601193682
17.103232090608063
20.665913964787524
15.944098773975458
18.865312083291915
9.133050488878723
11.410842084314844
9.133050488878723
19.885784984366204
9.133050488878723
12.623716130966502
13.509730586241183
14.540486325231953
13.56783722251088
9.133050488878723
11.174846441113012
10.036255033344839
11.240775310706946
9.133050488878723
9.133050488878723
11.737450401832753
9.133050488878723
12.306372678845635
12.220011101822752
11.813916685459585
9.133050488878723
9.698993998425703
9.133050488878723
13.807994578711067
9.133050488878723
12.17750658659919
11.341893766777552
9.133050488878723
12.439418412240286
9.133050488878723
20.462303935601707
19.527453202387363
9.133050488878723
9.133050488878723
15.757611671233535
14.83726153631145
14.761367117705374
9.133050488878723
9.133050488878723
10.385012510752446
9.133050488878723
17.342449751412907
11.852714545844051
9.133050488878723
10.464592314452211
18.12520556912602
9.133050488878723
9.133050488878723
11.207665444055793
15.85003247352398
9.133050488878723
9.133050488878723
13.229995725065292
9.133050488878723
11.588869090314759
13.01830213492491
10.083933472892127
9.133050488878723
9.133050488878723
9.133050488878723
9.133050488878723
14.329233164301678
9.133050488878723
9.133050488878723
14.193407983591511
9.133050488878723
16.545973249380975
12.767444285673866
9.133050488878723
9.133050488878723
9.807608739605653
10.437862788513591
16.137367633735728
9.98924655461922
9.133050488878723
9.133050488878723
9.133050488878723
9.133050488878723
9.133050488878723
9.133050488878723
9.133050488878723
9.133129939949393
9.133050488878723
9.133050488878723
12.093811391476333
10.281676482321776
10.358886651726458
9.133050488878723
14.469033871564147
9.133050488878723
9.133050488878723
11.625484881680299
17.85263055996084
9.133050488878723
9.133050488878723
9.133050488878723
20.072510066689677
9.133050488878723
9.133050488878723
9.133050488878723
9.133050488878723
9.133050488878723
10.231151967800853
9.133050488878723
10.20616743241735
9.133050488878723
9.133050488878723
9.133050488878723
9.133050488878723
9.133050488878723
10.891893009634888
10.60139017696314
9.742005269279352
9.133050488878723
17.465885115193643
12.816455768329185
9.133050488878723
11.274180362986165
12.718990811881548
9.897177801796175
10.83188212314325
10.743697083733654
9.133050488878723
9.133050488878723
9.133050488878723
13.93295635273694
9.133050488878723
9.133050488878723
12.53055090099206
9.133050488878723
10.772852353303973
9.133050488878723
16.65306804539858
9.133050488878723
19.18781941214539
10.518673255056083
9.133050488878723
9.133050488878723
9.133050488878723
12.671084838222953
11.516663595532814
12.96694768569167
18.410659438281428
10.108028927730063
9.133050488878723
9.133050488878723
14.126927955431212
9.677700901393994
9.133050488878723
9.133050488878723
12.916196227992202
11.078092702764067
11.971442529687504
9.133050488878723
11.376211224224953
15.152983311077936
10.546030058747226
9.133050488878723
20.26459587936177
15.489757398670351
10.132297939680885
12.0526057814254
9.133050488878723
9.133050488878723
9.133050488878723
16.87364809399556
9.133050488878723
9.133050488878723
9.133050488878723
9.133050488878723
9.82977285541941
9.133050488878723
13.12286849051513
14.992629768270177
9.133050488878723
9.133050488878723
10.92227491805049
9.133050488878723
17.720875028189376
9.133050488878723
9.133050488878723
9.133050488878723
9.133050488878723
10.332956982393762
9.133050488878723
9.942892492183102
9.133050488878723
11.014969153590284
9.133050488878723
14.686625538120378
9.133050488878723
9.133050488878723
9.133050488878723
9.133050488878723
9.133050488878723
9.133050488878723
9.133050488878723
9.133050488878723
11.481063313770846
Case #15: 
1056.723146370423
1056.723146370423
1056.723146370423
1056.723146370423
1056.723146370423
1056.723146370423
1056.723146370423
1056.723146370423
1056.723146370423
1056.723146370423
1056.723146370423
1056.723146370423
1056.723146370423
1056.723146370423
1056.723146370423
1056.723146370423
1056.723146370423
1056.723146370423
1056.723146370423
1056.723146370423
1056.723146370423
1056.723146370423
1056.723146370423
1056.723146370423
1056.723146370423
1056.723146370423
1056.723146370423
1056.723146370423
1056.723146370423
1056.723146370423
1056.723146370423
1056.723146370423
1056.723146370423
1056.723146370423
1056.723146370423
1056.723146370423
1056.723146370423
1056.723146370423
1056.723146370423
1056.723146370423
1056.723146370423
1056.723146370423
1056.723146370423
1056.723146370423
1056.723146370423
1056.723146370423
1056.723146370423
1056.723146370423
1056.723146370423
1056.723146370423
1056.723146370423
1056.723146370423
1056.723146370423
1056.723146370423
1056.723146370423
1056.723146370423
1056.723146370423
1056.723146370423
1056.723146370423
1056.723146370423
1056.723146370423
1056.723146370423
1056.723146370423
1056.723146370423
1056.723146370423
1056.723146370423
1056.723146370423
1056.723146370423
1056.723146370423
1056.723146370423
1056.723146370423
1056.723146370423
1056.723146370423
1056.723146370423
1056.723146370423
1056.723146370423
1056.723146370423
1056.723146370423
1056.723146370423
1056.723146370423
1056.723146370423
1056.723146370423
1056.723146370423
1056.723146370423
1056.723146370423
1056.723146370423
1056.723146370423
1056.723146370423
1056.723146370423
1056.723146370423
1056.723146370423
1056.723146370423
1056.723146370423
1056.723146370423
1056.723146370423
1056.723146370423
1056.723146370423
1056.723146370423
1056.723146370423
1056.723146370423
1056.723146370423
1056.723146370423
1056.723146370423
1056.723146370423
1056.723146370423
1056.723146370423
1056.723146370423
1056.723146370423
1056.723146370423
1056.723146370423
1056.723146370423
1056.723146370423
1056.723146370423
1056.723146370423
1056.723146370423
1056.723146370423
1056.723146370423
1056.723146370423
1056.723146370423
1056.723146370423
1056.723146370423
1056.723146370423
1056.723146370423
1056.723146370423
1056.723146370423
1056.723146370423
1056.723146370423
1056.723146370423
1056.723146370423
1056.723146370423
1056.723146370423
1056.723146370423
1056.723146370423
1056.723146370423
1056.723146370423
1056.723146370423
1056.723146370423
1056.723146370423
1056.723146370423
1056.723146370423
1056.723146370423
1056.723146370423
1056.723146370423
1056.723146370423
1056.723146370423
1056.723146370423
1056.723146370423
1056.723146370423
1056.723146370423
1056.723146370423
1056.723146370423
1056.723146370423
1056.723146370423
1056.723146370423
1056.723146370423
1056.723146370423
1056.723146370423
1056.723146370423
1056.723146370423
1056.723146370423
1056.723146370423
1056.723146370423
1056.723146370423
1056.723146370423
1056.723146370423
1056.723146370423
1056.723146370423
1056.723146370423
1056.723146370423
1056.723146370423
1056.723146370423
1056.723146370423
1056.723146370423
1056.723146370423
1056.723146370423
1056.723146370423
1056.723146370423
1056.723146370423
1056.723146370423
1056.723146370423
1056.723146370423
1056.723146370423
1056.723146370423
1056.723146370423
1056.723146370423
1056.723146370423
1056.723146370423
1056.723146370423
1056.723146370423
1056.723146370423
1056.723146370423
1056.723146370423
1056.723146370423
1056.723146370423
1056.723146370423
1056.723146370423
1056.723146370423
1056.723146370423
1056.723146370423
1056.723146370423
1056.723146370423
1056.723146370423
1056.723146370423
1056.723146370423
1056.723146370423
1056.723146370423
1056.723146370423
1056.723146370423
1056.723146370423
1056.723146370423
1056.723146370423
1056.723146370423
1056.723146370423
1056.723146370423
1056.723146370423
1056.723146370423
Case #16: 
14.406195248519351
14.958355653150978
31.384456773761865
14.209541263064212
40.23431371354555
14.05043181351881
13.976520560120504
42.72139565907022
28.388309282098923
35.58662899552732
25.971137826441105
14.366211282294953
14.148292955278636
37.272894396818955
33.58950052404092
42.93236679722982
15.141451277801265
25.877547836191678
13.961877789667568
33.091850782863354
28.95803114107669
13.839244609371736
33.89908771852346
40.76960527507857
36.33590335109925
29.916711306301956
14.81656709151477
26.5046809678507
14.79912557035242
31.057526433805517
14.438423913515733
14.080326383089032
13.910988193352495
14.695754394238401
14.985396993066518
15.104294286141043
26.914043894496118
31.219707831241195
34.65609847184652
34.00420142108493
40.06051456966332
14.271591956761737
14.678735564679192
15.17888384735469
15.058230457351193
14.065355271590077
34.217395995008815
42.10666726982116
25.693363660101276
14.224978031617482
13.91822407846774
37.988370313423125
38.7466960089877
29.63313418302954
30.740604606507077
26.707009713108878
13.939999670523534
14.358254365992345
15.113557883630197
27.288239224984817
41.32684668445844
34.99642838919423
15.160132902769343
14.913610247331764
14.86926399915223
14.454619570781755
33.79494280967498
13.969193419087382
14.851635938420836
27.12596877197535
32.249204225598454
14.940409209192682
13.896550215208716
35.34698567025418
14.56123664927757
28.205745913981826
13.789679491194391
36.596379110900806
14.922527204928064
29.703271876841672
32.159498337712506
30.89784657669403
13.853504525168567
35.11211937710849
14.577849588678605
14.487175061504683
28.637334308548333
27.39805149652894
15.197704541313533
15.132136326887164
15.012585519188368
13.874977291129856
25.602734228984215
27.793100430417432
27.019383020778424
14.619631989035616
14.133104230604578
31.982309670630915
25.73904078711111
15.03079363445435
26.161405116068572
13.983859242989078
38.43795247507586
29.84505440985613
39.719567819861915
13.889348063797152
30.208588572282085
14.58617740974555
14.790427876054052
20.073565999793157
14.544680377125076
34.7684362007289
13.803786583877054
14.528180450795768
14.712832557344798
30.134819015105613
14.24822780692216
13.775615561486147
27.23382593210874
15.039922571605972
14.39817174734085
26.55483178084717
36.46544352436388
29.425665114689597
14.005944846500123
32.89889373979504
30.0615872689087
33.38775995735652
26.113446496241888
14.738561809101324
43.14649464324999
14.653317821687722
14.76442651775295
14.263791140679185
25.38029096661764
14.334462710267621
14.834070425546418
14.895824182271012
14.628031663379307
13.932729787541211
30.509178946671113
14.16353075501571
13.882157098746783
26.306882076933125
14.38216488108333
14.057887601686678
14.60287595832737
14.028135425262821
31.80801785713784
14.125528189196828
14.721393996857435
14.155905704258485
14.66177572589656
42.308618870972744
27.909147283499188
15.207141179628168
14.495348362612706
14.479015570538346
28.085975751223334
28.512006204695485
27.62171277081569
14.886954979828095
14.976366924760498
14.194154641049462
26.405225904282275
40.4103947023535
14.318667154274166
31.551841730357676
37.55420325101016
14.462737863795152
14.310788932409938
40.95284037933309
14.295071421975662
29.563490998188964
13.817937060769404
14.994443415256644
14.020726850452322
32.07053689941244
26.655993411104085
14.422282573742324
25.831130672658464
15.021681300404062
14.178817894657115
38.13647368333889
41.711290746043026
32.43089132084419
32.52289403425895
26.861834254847224
31.894806607417923
27.735617224246468
37.69726740051126
35.955412202708324
31.72193375380954
14.240465219690073
26.258120437093147
34.43465148553033
29.08936075425015
29.15569917735721
14.279405585574192
39.22408603931817
25.468570506090312
28.266208461209157
13.947280945332142
32.70927317633545
33.288243312874634
27.967718485978157
38.90388406215954
13.86065103300792
14.095345402167462
15.09504770168942
14.636445832417563
30.585739114592762
14.035555756607053
28.828464356306892
14.013330001163855
36.99781392588105
14.781745499094482
36.72873534441391
13.825028637864817
26.809927280248278
14.042987875611667
36.207733980463345
15.067409507552807
38.591398005255
14.302923700195928
14.51173655141095
26.018315227407157
14.14069247503351
15.08581807826359
39.552326791503035
15.216595418141438
28.76432976216666
27.50920023484826
14.232715306071357
14.11041258487887
25.51305712603027
30.35776769470938
27.17973685005238
15.235556915115236
13.998571355677692
29.289749075771528
14.342380116400307
14.747168269285355
35.83121351655517
13.867808612123234
Case #17: 
36.4392161083116
34.41375307692339
36.76505761015267
39.51021017611072
93.17658999489583
34.35971417458236
51.05456031864592
65.63384436948331
63.94755550505793
51.351910301261285
44.26569087779936
70.35760785058103
40.59132264970624
42.359728302669666
64.1805164059264
36.63367520921326
37.009641881988124
57.70037550426629
34.39571178966674
34.94962360993593
34.25239570054351
43.88637205189252
34.61409945533805
69.74843960681993
45.09537440572806
49.003777535675326
45.299889624589596
96.18305634501772
35.21744073421764
37.32810809994243
72.79284389324083
54.14372407899975
37.869635273271676
42.769670709241915
47.369030491469736
57.61545952668076
34.65090339923302
54.57061944486526
37.5606842323193
34.16372768822696
94.64402814489705
58.570716876097215
41.13538549752494
49.31959462316275
35.101910272854006
37.72609855232613
42.05989161610644
46.76852118298601
34.817986141775215
65.01639090369692
34.27021229248982
52.920746962387746
38.46061456698591
49.85980344927164
38.715154833881535
105.7104208169986
93.53704236597201
40.50272744189653
35.17880392529052
41.38431597233092
36.48216157531715
42.56321896128991
54.073544238643144
36.29009270408953
37.490455406347664
89.15266223225525
35.39289544138414
50.93705829792272
35.59095460061048
43.120535248670045
34.110856269872755
35.236806938999536
78.96582938173164
45.75979877221347
42.874029556637815
74.38123841030735
38.97481673036508
35.93542390282206
52.59547807298162
44.7341239320905
36.98720499488078
34.93072681287459
38.360195036435584
52.72486443841522
43.48017896868732
57.36294351434328
37.74990802049133
36.10102581181215
36.65547448231723
37.25917340011751
36.2478211781478
48.7451805984853
39.05373982853108
41.637821044346744
82.45641418933918
38.16169334174884
45.97353089627945
45.50721285706639
43.156098582755234
41.197196780319786
34.19911219039756
66.39853631669904
38.81839543006666
48.44020254347852
43.014370454230416
34.83670045978423
53.86463085906695
37.5606842323193
48.24003556101338
65.38475867254284
49.641597573073604
39.21303514573437
41.86350194418828
35.49151055433639
76.2741933901604
35.731591153135646
35.83307272969236
49.372826796912555
45.382478370685014
40.830448857615174
59.66901345918524
64.06371828109886
52.27613402750806
34.68782499031375
41.01259302805964
62.17088690120314
81.48056426499008
37.07719832740855
47.654102455982866
74.5642183630897
77.48177548246358
47.322014072448525
46.90507190038735
40.86063773335325
84.25194322451512
70.82510540447898
36.59019308681612
55.760309550899386
44.498058305755954
51.53283362261841
36.1427852541268
37.44385444935984
85.60874454667083
61.23436813205115
33.919073804984286
50.19257557505037
85.33214044865151
37.19061920515367
44.150863989496266
105.19095614596324
54.35591453582745
35.63096692870494
52.78991673266757
58.13066017769462
55.007774249482566
77.2765253855359
37.53723078998735
39.48291469086582
49.80498231840128
45.59094285032482
60.33893516440437
39.64754187338317
41.197196780319786
64.89497830306459
52.40317220761472
53.05255475549493
38.33521281624333
41.5422116850073
46.059866241615254
76.2741933901604
36.78709240842102
41.29043838608163
39.374295737640374
40.03982392568679
53.252126199088224
77.2765253855359
34.0932869376385
34.44992098294
49.85980344927164
42.90898596648614
38.87032641707226
34.486203163593906
48.642882100422874
39.027378880655014
86.74268460990433
33.95370278164474
70.98302110867277
52.46703959537301
49.108374831921275
60.24184912377848
39.70287692037178
87.92291144044529
46.365915231321544
34.669349449727285
37.678614457293726
64.53478137702237
41.073851602945
66.26923037837119
55.15584389620891
40.12540968189359
42.05989161610644
46.410136429004154
52.53114107266364
53.31915218684964
106.23765810671846
34.7993019514618
87.32681703218647
79.18487509900136
44.074807319776085
42.7005200242252
42.66607022432576
40.211546617549516
37.79766250893355
49.96999099459595
37.42061904256176
95.02185011880162
45.84493335515845
36.311284000905175
40.44398523920442
41.22820709466959
101.29363257381976
34.72486485670232
40.62098383207108
37.3511714991771
99.9399819891919
57.44674625225314
46.2778507354296
50.36147984010591
40.011416810421814
78.10747965706216
84.51814276057065
40.35634919854521
Case #18: 
26.866883620683097
26.866883620683097
26.866883620683097
26.866883620683097
28.340952297741467
26.866883620683097
26.866883620683097
26.866883620683097
26.866883620683097
26.866883620683097
26.866883620683097
26.866883620683097
26.866883620683097
26.866883620683097
35.426190372176826
26.866883620683097
26.866883620683097
32.88226971391211
33.66841105882199
29.826680350979284
26.866883620683097
26.866883620683097
26.866883620683097
26.866883620683097
26.866883620683097
26.866883620683097
26.866883620683097
26.866883620683097
26.866883620683097
26.866883620683097
26.866883620683097
26.866883620683097
26.866883620683097
26.866883620683097
26.866883620683097
26.866883620683097
31.135042459671023
26.866883620683097
26.866883620683097
26.866883620683097
26.866883620683097
29.09909078197031
26.866883620683097
26.866883620683097
26.866883620683097
26.866883620683097
26.866883620683097
26.866883620683097
26.866883620683097
26.866883620683097
26.866883620683097
26.866883620683097
26.866883620683097
26.866883620683097
27.057199827402687
26.866883620683097
26.866883620683097
26.866883620683097
26.866883620683097
26.866883620683097
26.866883620683097
35.58541000754952
26.866883620683097
26.866883620683097
26.866883620683097
26.866883620683097
26.866883620683097
26.866883620683097
26.866883620683097
26.866883620683097
26.866883620683097
36.244455070596466
26.866883620683097
26.866883620683097
30.21155666039332
33.533466984491774
26.866883620683097
26.866883620683097
26.866883620683097
26.866883620683097
26.866883620683097
26.866883620683097
26.866883620683097
26.866883620683097
26.866883620683097
26.866883620683097
26.866883620683097
26.866883620683097
26.866883620683097
26.866883620683097
26.866883620683097
26.866883620683097
26.866883620683097
26.866883620683097
28.83965834560327
26.866883620683097
26.866883620683097
26.866883620683097
26.866883620683097
26.866883620683097
26.866883620683097
26.866883620683097
26.866883620683097
26.866883620683097
26.866883620683097
26.866883620683097
34.2249514243629
26.866883620683097
26.866883620683097
26.866883620683097
26.866883620683097
36.415018154187585
26.866883620683097
26.866883620683097
26.866883620683097
26.866883620683097
26.866883620683097
26.866883620683097
26.866883620683097
26.866883620683097
26.866883620683097
31.0282323937322
26.866883620683097
26.866883620683097
26.866883620683097
28.92536331417711
26.866883620683097
26.866883620683097
30.817869070622876
26.866883620683097
26.866883620683097
26.866883620683097
26.866883620683097
26.866883620683097
26.866883620683097
26.866883620683097
36.58801208827051
26.866883620683097
26.866883620683097
26.866883620683097
26.866883620683097
26.866883620683097
26.866883620683097
26.866883620683097
26.866883620683097
26.866883620683097
26.866883620683097
26.866883620683097
26.866883620683097
26.866883620683097
26.866883620683097
26.866883620683097
26.866883620683097
26.866883620683097
26.866883620683097
26.866883620683097
26.866883620683097
26.866883620683097
26.866883620683097
26.866883620683097
26.866883620683097
26.866883620683097
26.866883620683097
26.866883620683097
26.866883620683097
26.866883620683097
26.866883620683097
26.866883620683097
26.866883620683097
26.866883620683097
34.08323259025841
26.866883620683097
26.866883620683097
26.866883620683097
26.866883620683097
26.866883620683097
26.866883620683097
26.866883620683097
26.866883620683097
26.866883620683097
26.866883620683097
26.866883620683097
36.76349516739502
26.866883620683097
26.866883620683097
26.866883620683097
26.866883620683097
29.275986580197475
28.670509330375662
26.866883620683097
26.866883620683097
26.866883620683097
26.866883620683097
26.866883620683097
26.866883620683097
26.866883620683097
26.866883620683097
28.42227514007158
26.866883620683097
26.866883620683097
26.866883620683097
26.866883620683097
26.866883620683097
26.866883620683097
31.686147942414387
26.866883620683097
26.866883620683097
26.866883620683097
26.866883620683097
26.866883620683097
26.866883620683097
26.866883620683097
26.866883620683097
26.866883620683097
26.866883620683097
26.866883620683097
26.866883620683097
26.866883620683097
26.866883620683097
26.866883620683097
Case #19: 
277.3723915497326
277.3723915497326
277.3723915497326
277.3723915497326
277.3723915497326
277.3723915497326
277.3723915497326
277.3723915497326
277.3723915497326
277.3723915497326
277.3723915497326
277.3723915497326
277.3723915497326
277.3723915497326
277.3723915497326
277.3723915497326
277.3723915497326
277.3723915497326
277.3723915497326
277.3723915497326
277.3723915497326
277.3723915497326
277.3723915497326
277.3723915497326
277.3723915497326
277.3723915497326
277.3723915497326
277.3723915497326
277.3723915497326
277.3723915497326
277.3723915497326
277.3723915497326
277.3723915497326
277.3723915497326
277.3723915497326
277.3723915497326
277.3723915497326
277.3723915497326
277.3723915497326
277.3723915497326
277.3723915497326
277.3723915497326
277.3723915497326
277.3723915497326
277.3723915497326
277.3723915497326
277.3723915497326
277.3723915497326
277.3723915497326
277.3723915497326
277.3723915497326
277.3723915497326
277.3723915497326
277.3723915497326
277.3723915497326
277.3723915497326
277.3723915497326
277.3723915497326
277.3723915497326
277.3723915497326
277.3723915497326
277.3723915497326
277.3723915497326
277.3723915497326
277.3723915497326
277.3723915497326
277.3723915497326
277.3723915497326
277.3723915497326
277.3723915497326
277.3723915497326
277.3723915497326
277.3723915497326
277.3723915497326
277.3723915497326
277.3723915497326
277.3723915497326
277.3723915497326
277.3723915497326
277.3723915497326
277.3723915497326
277.3723915497326
277.3723915497326
277.3723915497326
277.3723915497326
277.3723915497326
277.3723915497326
277.3723915497326
277.3723915497326
277.3723915497326
277.3723915497326
277.3723915497326
277.3723915497326
277.3723915497326
277.3723915497326
277.3723915497326
277.3723915497326
277.3723915497326
277.3723915497326
277.3723915497326
277.3723915497326
277.3723915497326
277.3723915497326
277.3723915497326
277.3723915497326
277.3723915497326
277.3723915497326
277.3723915497326
277.3723915497326
277.3723915497326
277.3723915497326
277.3723915497326
277.3723915497326
277.3723915497326
277.3723915497326
277.3723915497326
277.3723915497326
277.3723915497326
277.3723915497326
277.3723915497326
277.3723915497326
277.3723915497326
277.3723915497326
277.3723915497326
277.3723915497326
277.3723915497326
277.3723915497326
277.3723915497326
277.3723915497326
277.3723915497326
277.3723915497326
277.3723915497326
277.3723915497326
277.3723915497326
277.3723915497326
277.3723915497326
277.3723915497326
277.3723915497326
277.3723915497326
277.3723915497326
277.3723915497326
277.3723915497326
277.3723915497326
277.3723915497326
277.3723915497326
277.3723915497326
277.3723915497326
277.3723915497326
277.3723915497326
277.3723915497326
277.3723915497326
277.3723915497326
277.3723915497326
277.3723915497326
277.3723915497326
277.3723915497326
277.3723915497326
277.3723915497326
277.3723915497326
277.3723915497326
277.3723915497326
277.3723915497326
277.3723915497326
277.3723915497326
277.3723915497326
277.3723915497326
277.3723915497326
277.3723915497326
277.3723915497326
277.3723915497326
277.3723915497326
277.3723915497326
277.3723915497326
277.3723915497326
277.3723915497326
277.3723915497326
277.3723915497326
277.3723915497326
277.3723915497326
277.3723915497326
277.3723915497326
277.3723915497326
277.3723915497326
277.3723915497326
277.3723915497326
277.3723915497326
277.3723915497326
277.3723915497326
277.3723915497326
277.3723915497326
277.3723915497326
277.3723915497326
277.3723915497326
277.3723915497326
277.3723915497326
277.3723915497326
277.3723915497326
277.3723915497326
277.3723915497326
277.3723915497326
277.3723915497326
277.3723915497326
277.3723915497326
277.3723915497326
277.3723915497326
277.3723915497326
277.3723915497326
277.3723915497326
277.3723915497326
277.3723915497326
277.3723915497326
277.3723915497326
277.3723915497326
277.3723915497326
277.3723915497326
277.3723915497326
277.3723915497326
277.3723915497326
277.3723915497326
277.3723915497326
277.3723915497326
277.3723915497326
277.3723915497326
277.3723915497326
277.3723915497326
277.3723915497326
277.3723915497326
277.3723915497326
277.3723915497326
277.3723915497326
277.3723915497326
277.3723915497326
277.3723915497326
277.3723915497326
277.3723915497326
277.3723915497326
277.3723915497326
277.3723915497326
277.3723915497326
277.3723915497326
277.3723915497326
Case #20: 
188.5807436808566
188.5807436808566
188.5807436808566
188.5807436808566
188.5807436808566
188.5807436808566
188.5807436808566
188.5807436808566
188.5807436808566
188.5807436808566
188.5807436808566
188.5807436808566
188.5807436808566
188.5807436808566
188.5807436808566
188.5807436808566
188.5807436808566
188.5807436808566
188.5807436808566
188.5807436808566
188.5807436808566
188.5807436808566
188.5807436808566
188.5807436808566
188.5807436808566
188.5807436808566
188.5807436808566
188.5807436808566
188.5807436808566
188.5807436808566
188.5807436808566
188.5807436808566
188.5807436808566
188.5807436808566
188.5807436808566
188.5807436808566
188.5807436808566
188.5807436808566
188.5807436808566
188.5807436808566
188.5807436808566
188.5807436808566
188.5807436808566
188.5807436808566
188.5807436808566
188.5807436808566
188.5807436808566
188.5807436808566
188.5807436808566
188.5807436808566
188.5807436808566
188.5807436808566
188.5807436808566
188.5807436808566
188.5807436808566
188.5807436808566
188.5807436808566
188.5807436808566
188.5807436808566
188.5807436808566
188.5807436808566
188.5807436808566
188.5807436808566
188.5807436808566
188.5807436808566
188.5807436808566
188.5807436808566
188.5807436808566
188.5807436808566
188.5807436808566
188.5807436808566
188.5807436808566
188.5807436808566
188.5807436808566
188.5807436808566
188.5807436808566
188.5807436808566
188.5807436808566
188.5807436808566
188.5807436808566
188.5807436808566
188.5807436808566
188.5807436808566
188.5807436808566
188.5807436808566
188.5807436808566
188.5807436808566
188.5807436808566
188.5807436808566
188.5807436808566
188.5807436808566
188.5807436808566
188.5807436808566
188.5807436808566
188.5807436808566
188.5807436808566
188.5807436808566
188.5807436808566
188.5807436808566
188.5807436808566
188.5807436808566
188.5807436808566
188.5807436808566
188.5807436808566
188.5807436808566
188.5807436808566
188.5807436808566
188.5807436808566
188.5807436808566
188.5807436808566
188.5807436808566
188.5807436808566
188.5807436808566
188.5807436808566
188.5807436808566
188.5807436808566
188.5807436808566
188.5807436808566
188.5807436808566
188.5807436808566
188.5807436808566
188.5807436808566
188.5807436808566
188.5807436808566
188.5807436808566
188.5807436808566
188.5807436808566
188.5807436808566
188.5807436808566
188.5807436808566
188.5807436808566
188.5807436808566
188.5807436808566
188.5807436808566
188.5807436808566
188.5807436808566
188.5807436808566
188.5807436808566
188.5807436808566
188.5807436808566
188.5807436808566
188.5807436808566
188.5807436808566
188.5807436808566
188.5807436808566
188.5807436808566
188.5807436808566
188.5807436808566
188.5807436808566
188.5807436808566
188.5807436808566
188.5807436808566
188.5807436808566
188.5807436808566
188.5807436808566
188.5807436808566
188.5807436808566
188.5807436808566
188.5807436808566
188.5807436808566
188.5807436808566
188.5807436808566
188.5807436808566
188.5807436808566
188.5807436808566
188.5807436808566
188.5807436808566
188.5807436808566
188.5807436808566
188.5807436808566
188.5807436808566
188.5807436808566
188.5807436808566
188.5807436808566
188.5807436808566
188.5807436808566
188.5807436808566
188.5807436808566
188.5807436808566
188.5807436808566
188.5807436808566
188.5807436808566
188.5807436808566
188.5807436808566
188.5807436808566
188.5807436808566
188.5807436808566
188.5807436808566
188.5807436808566
188.5807436808566
188.5807436808566
188.5807436808566
188.5807436808566
188.5807436808566
188.5807436808566
188.5807436808566
188.5807436808566
188.5807436808566
188.5807436808566
188.5807436808566
188.5807436808566
188.5807436808566
188.5807436808566
188.5807436808566
188.5807436808566
188.5807436808566
188.5807436808566
188.5807436808566
188.5807436808566
188.5807436808566
188.5807436808566
188.5807436808566
188.5807436808566
188.5807436808566
188.5807436808566
188.5807436808566
