Case #1: 
44.721359549995796
25.0
25.0
Case #2: 
50000.0
50000.0
Case #3: 
1.4142135623730951
0.4515236409857309
Case #4: 
141.4213562373095
65.9380473395787
45.15236409857309
Case #5: 
1.4142135623730951
0.6593804733957871
0.4515236409857309
Case #6: 
2.4706870458493135
1.449611243082712
1.6613414695667112
2.1845325024353937
1.6387678462738724
4.460941604639093
1.4242690419199813
1.6076117642066396
Case #7: 
10.951630705195223
32.376843576852885
14.522999174763493
15.262590431072526
12.024457834218413
19.81430648730946
11.45410387675633
19.92656974539727
10.337130603467765
23.67629288803013
Case #8: 
45.39506315211828
45.160704006976765
134.17573280115622
44.929937529918796
121.11653402741845
45.044877440243496
128.46348378689822
45.513619277628905
140.72469577156667
123.42372294099454
Case #9: 
1.8930811776513083
1.7577589999999998
1.7577589999999998
2.1840948400356313
3.757658845611187
1.7577589999999998
2.6704518590143373
1.7577589999999998
1.7577589999999998
1.7577589999999998
Case #10: 
88307.75
88307.75
88307.75
88307.75
88307.75
88307.75
88307.75
88307.75
Case #11: 
100000.0
100000.0
100000.0
100000.0
100000.0
100000.0
100000.0
100000.0
100000.0
Case #12: 
44.646894378724426
39.364859014488026
39.364859014488026
39.364859014488026
39.364859014488026
62.98059665925336
51.510232517957576
88.62155494009343
39.95368253324691
39.364859014488026
Case #13: 
72998.59201726467
72998.59201726467
72998.59201726467
72998.59201726467
72998.59201726467
72998.59201726467
72998.59201726467
72998.59201726467
72998.59201726467
Case #14: 
10.07599442818495
7.939468800566247
16.646654652245033
11.130678714225331
11.34082667955845
17.901343540602177
8.303295221685275
10.34498219990822
12.969849991331973
8.699164427772635
Case #15: 
50.493955
75.21815890176673
50.493955
50.493955
50.493955
50.493955
60.93367295674864
50.493955
109.00146788002444
Case #16: 
32.25112001782616
44.311918652472514
30.346575093131033
30.188106254935224
40.75712771915621
49.60412029257247
37.03708472057841
29.81095440030957
Case #17: 
43399.81242037843
43399.81242037843
43399.81242037843
43399.81242037843
43399.81242037843
43399.81242037843
43399.81242037843
43399.81242037843
Case #18: 
24.823213313185686
14.1439145
15.715460810998328
20.302276533247014
34.92935728008747
14.39239093438437
14.1439145
17.597155976951427
14.1439145
15.747370408952346
Case #19: 
73.66683269329896
52.57547199999999
52.57547199999999
52.57547199999999
52.92381494094342
81.33591057196955
105.00420903128462
101.07006063064547
71.59906236373011
Case #20: 
26.118254
48.0721686356392
26.118254
45.289339994746705
26.118254
52.039649066841335
26.118254
26.118254
26.118254
